# Changing patterns

s1 <- structure(c(2748.95219967717, 2777.95329628036, 2824.99428261349, 
                  2806.85702451908, 2794.98210710454, 2809.80672061611, 2830.12065249941, 
                  2830.67076629774, 2875.89964205303, 2936.0964610155, 3009.72283941721, 
                  3027.36101839635, 3073.5548494395, 3133.52680818535, 3199.44568067348, 
                  3199.10875771368, 3239.2068253766, 3289.66418698246, 3382.62215815776, 
                  3436.97482495648, 3499.48814679899, 3581.09212363942, 3696.62707620236, 
                  3782.94026232923, 3895.04650276686, 4007.44225464614, 4124.38390158616, 
                  4203.01323307555, 4308.41615550041, 4414.0746525967, 4512.22669372636, 
                  4583.53326237762, 4658.19984207685, 4775.27077591568, 4922.21553716941, 
                  5089.79785236576, 5286.4397856178, 5429.91022884239, 5484.78630079163, 
                  5483.09429665109, 5414.69166670325, 5402.80486307928, 5404.13444041258, 
                  5434.60084058708, 5503.94494744447, 5571.26489918703, 5632.28832575799, 
                  5682.65149739572, 5749.91994210101, 5819.49035278328, 5864.47884701221, 
                  5900.88924419161, 5945.90913210023, 6011.9862571386, 6034.35830195975, 
                  5986.28979778012, 5957.02616623421, 5965.59962611145, 5989.28823627077, 
                  5966.43061353447, 5967.67898552472, 5995.53839377579, 6013.72103927692, 
                  6023.79217832407, 6036.34154976122, 6064.99790696756, 6071.72556042416, 
                  6064.41448718306, 6041.49519736445, 6262.93048287573, 6173.94638682299, 
                  6836.06387522193, 6156.36518776499, 6082.11605321781, 6133.24541038409, 
                  6887.43633057021, 6288.98647546723, 6648.48678751701, 6429.18198281063, 
                  7442.85274421962, 6258.03450587738, 6831.15627229479, 6727.24907029709, 
                  7551.03780435274, 6811.11527188242, 7106.63019270313, 7510.58546275778, 
                  8651.61993503457, 8238.85580739585, 8235.46827753886, 8747.20756013025, 
                  9179.76550911473, 8893.45512572506, 8595.66036506266, 8302.09965228383, 
                  8819.32423513414, 8360.77329379198, 8319.04342456684, 8262.17122736939, 
                  10115.0415213293, 8868.24408584367, 8506.76235233728, 8907.0941588898, 
                  9299.60083840286, 8612.77397572337, 9070.57087140001), 
                .Tsp = c(1995, 2021.25, 4), 
                class = "ts"
)

plot.ts(s1)

# Bi-annual seasonality

s2 <- structure(c(469.204152273264, 472.1356798074, 470.231686255493, 
                  483.146161052509, 490.227597091944, 484.74825848541, 487.503785112587, 
                  474.52887188617, 458.626179769529, 446.900193750669, 461.321662682486, 
                  454.158066349904, 530.152280373854, 597.768775620842, 564.541613521487, 
                  521.248578290263, 488.417216740774, 496.176369256206, 507.548362175268, 
                  516.057255142671, 668.915656812781, 825.698731406419, 968.872880778632, 
                  761.884607641139, 567.803025862969, 555.517149760278, 566.495651909688, 
                  588.246689444436, 649.184999678456, 726.988221416075, 701.948795849455, 
                  689.185289695416, 681.931374995928, 693.24511894822, 719.38133184609, 
                  745.824128557345, 938.17756099776, 1127.97793471303, 1318.07302209996, 
                  1081.03756825206, 861.616165897904, 863.223433526174, 882.549128921091, 
                  880.65373685798, 1009.9491742249, 1085.31813582232, 1043.8210931877, 
                  978.337601059653, 937.056844080493, 946.470914551307, 963.479364651164, 
                  979.934959168939, 1210.57894146597, 1430.63523525091, 1653.32436800723, 
                  1375.11620418815, 1087.17669309632, 1113.04338250164, 1112.36417754144, 
                  1100.67746377289, 1178.13539075908, 1256.71790484714, 1179.856018912, 
                  1079.20112283432, 1022.34300834865, 1024.94289447601, 1022.66333858163, 
                  994.334523998076, 1266.74925426533, 1542.86474638389, 1791.9101658155, 
                  1382.77011170323, 996.751779567994, 1002.01677384741, 990.497130119013, 
                  979.795900742499, 1295.94321758486, 1619.54887005365, 1402.29684472329, 
                  1142.59756476717, 924.334693632299, 944.716523040673, 970.453145734395, 
                  986.248398065193, 1333.2535405725, 1681.81312950911, 2024.90382677556, 
                  1560.8375538191, 1119.0053543496, 1163.78280619748, 1218.72154584179, 
                  1232.60138767892, 1610.99536387937, 2020.18689698069, 1748.58912544328, 
                  1480.58816184383, 1213.10419793364, 1223.19786318543, 1227.01894252051, 
                  1216.00675333597, 1081.2731671739, 651.073841824608, 1128.35054692243, 
                  992.739965079948, 937.419235101413, 1435.25500300426), 
                .Tsp = c(1995,2021.25, 4), 
                class = "ts"
)

plot.ts(s2)

# Changing specification from Level to Log during Covid

s3 <- structure(c(2224.00145592074, 1970.16909994317, 2875.24873118189, 
                  1489.2259225028, 2217.77761272515, 1937.3236244396, 2915.56169175751, 
                  1680.96999510892, 2614.73836344364, 2358.25126973773, 3447.68253467262, 
                  2040.35761571327, 2804.24206476036, 2506.59369666525, 3519.16968243224, 
                  2015.62978635932, 2813.78621445356, 2537.78703939676, 3537.87756326434, 
                  2051.09323650229, 2942.70262472144, 2572.2322704062, 3672.91875090217, 
                  2085.93484515553, 3132.04906675785, 2720.27042338961, 3763.62122501151, 
                  2193.35310864108, 3146.98221694146, 2653.76576376071, 3638.90049031183, 
                  2149.71419500596, 2955.65534672133, 2434.92529337123, 3416.3283289035, 
                  1962.68182253025, 2771.59714181884, 2429.48545063095, 3325.04574297066, 
                  1874.40880521532, 2892.90796131075, 2325.682798205, 3445.47890730444, 
                  1963.89065167046, 2915.00685474643, 2522.61537964188, 3599.81536580797, 
                  2067.53031784622, 3005.74258137271, 2656.40245261685, 3765.21018183305, 
                  2268.32487808101, 3329.63989651068, 2718.82000350597, 3942.03920743922, 
                  2301.78818495244, 3113.87560284163, 2679.67763629842, 3971.31242543785, 
                  2295.37099194112, 3183.10219880644, 2755.37902276587, 4066.66380022911, 
                  2332.26044141169, 3227.80134903588, 2883.50034912711, 4008.93025963956, 
                  2324.45883584687, 3130.23959388562, 2769.82651161685, 3852.15887166433, 
                  2350.15977482874, 3144.64281682951, 2828.59519441037, 4059.31897513095, 
                  2411.4490325736, 3166.60219839768, 2872.71512212918, 4089.4205169342, 
                  2488.46878336679, 3110.67690089301, 2830.03487294456, 4073.05597920744, 
                  2363.90648929206, 3090.97691241218, 2784.00260350715, 4063.09248806243, 
                  2362.84975747746, 3040.02676080475, 2950.56848986838, 4138.90468814108, 
                  2421.17370728401, 3169.86711432648, 3029.39540048446, 4260.43972053279, 
                  2549.48288262933, 3131.34485946874, 3172.95468578212, 4337.97064698468, 
                  2626.89363930259, 2410.45386589763, 1002.41883823471, 3071.33600255101, 
                  1419.21663205115, 926.510510652244, 1377.87501251091), 
                .Tsp = c(1995,2021.25, 4), 
                class = "ts")
plot.ts(s3)


# Large revisions due to model

